0100 0101 0102 0103 0104 0105 0106 0107 0108 0109 0100 0110 0111 0112 0113 0114 0115 0116 0117 0100 0100 
0201 0202 0203 0204 0205 0206 0207 0208 0209 0210 0200 0211 0212 0213 0214 0215 0216 0217 0218 0219 0220
0301 0302 0303 0304 0305 0306 0307 0308 0309 0310 0300 0311 0312 0313 0314 0315 0316 0317 0318 0319 0320
0401 0402 0403 0404 0405 0406 0407 0408 0409 0410 0400 0411 0412 0413 0414 0415 0416 0417 0418 0419 0420
0501 0502 0503 0504 0505 0506 0507 0508 0509 0510 0500 0511 0512 0513 0514 0515 0516 0517 0518 0519 0520
0601 0602 0603 0604 0605 0606 0607 0608 0609 0610 0600 0611 0612 0613 0614 0615 0616 0617 0618 0619 0620
0701 0702 0703 0704 0705 0706 0707 0708 0709 0710 0700 0711 0712 0713 0714 0715 0716 0717 0718 0719 0720
0801 0802 0803 0804 0805 0806 0807 0808 0809 0810 0800 0811 0812 0813 0814 0815 0816 0817 0818 0819 0820
0900 0901 0902 0903 0904 0905 0906 0907 0908 0909 0900 0910 0911 0912 0913 0914 0915 0916 0917 0918 0900
1000 1000 1001 1002 1003 1004 1005 1006 1007 1008 1000 1009 1010 1011 1012 1013 1014 1015 1016 1000 1000
